days elong signed k diam dist
0.0000 3.63663 -3.63663 0.007319 10.7381 0.626524
0.1931 3.64541 -3.64541 0.007311 10.7565 0.625452
0.3863 3.69400 -3.69400 0.007463 10.7737 0.624456
0.5794 3.78099 -3.78099 0.007775 10.7896 0.623534
0.7725 3.90387 -3.90387 0.008243 10.8043 0.622687
0.9657 4.05938 -4.05938 0.008864 10.8177 0.621914
1.1588 4.24387 -4.24387 0.009638 10.8299 0.621214
1.3519 4.45362 -4.45362 0.010560 10.8409 0.620586
1.5451 4.68508 -4.68508 0.011629 10.8506 0.620031
1.7382 4.93499 -4.93499 0.012840 10.8590 0.619547
1.9313 5.20046 -5.20046 0.014193 10.8663 0.619134
2.1245 5.47897 -5.47897 0.015682 10.8723 0.618791
2.3176 5.76833 -5.76833 0.017306 10.8771 0.618517
2.5107 6.06669 -6.06669 0.019062 10.8807 0.618312
2.7039 6.37246 -6.37246 0.020945 10.8832 0.618175
2.8970 6.68428 -6.68428 0.022954 10.8844 0.618105
3.0901 7.00101 -7.00101 0.025084 10.8845 0.618101
3.2833 7.32164 -7.32164 0.027332 10.8834 0.618162
3.4764 7.64532 -7.64532 0.029696 10.8812 0.618289
3.6695 7.97131 -7.97131 0.032171 10.8778 0.618478
3.8627 8.29898 -8.29898 0.034754 10.8734 0.618731
4.0558 8.62775 -8.62775 0.037442 10.8678 0.619046
4.2489 8.95714 -8.95714 0.040232 10.8612 0.619422
4.4421 9.28670 -9.28670 0.043120 10.8536 0.619858
4.6352 9.61606 -9.61606 0.046102 10.8449 0.620354
4.8283 9.94487 -9.94487 0.049176 10.8353 0.620908
5.0215 10.27282 -10.27282 0.052337 10.8246 0.621519
5.2146 10.59963 -10.59963 0.055583 10.8130 0.622187
5.4077 10.92505 -10.92505 0.058910 10.8004 0.622911
5.6009 11.24885 -11.24885 0.062315 10.7869 0.623689
5.7940 11.57084 -11.57084 0.065795 10.7726 0.624522
5.9871 11.89081 -11.89081 0.069345 10.7573 0.625407
6.1803 12.20861 -12.20861 0.072964 10.7412 0.626344
6.3734 12.52408 -12.52408 0.076647 10.7243 0.627332
6.5665 12.83707 -12.83707 0.080392 10.7066 0.628370
6.7597 13.14746 -13.14746 0.084195 10.6881 0.629457
6.9528 13.45512 -13.45512 0.088054 10.6688 0.630592
7.1459 13.75995 -13.75995 0.091966 10.6489 0.631775
7.3391 14.06185 -14.06185 0.095927 10.6282 0.633003
7.5322 14.36073 -14.36073 0.099935 10.6069 0.634277
7.7253 14.65650 -14.65650 0.103987 10.5849 0.635596
7.9185 14.94910 -14.94910 0.108079 10.5622 0.636958
8.1116 15.23844 -15.23844 0.112211 10.5390 0.638363
8.3047 15.52447 -15.52447 0.116378 10.5152 0.639809
8.4979 15.80714 -15.80714 0.120578 10.4908 0.641297
8.6910 16.08639 -16.08639 0.124809 10.4658 0.642824
8.8841 16.36217 -16.36217 0.129068 10.4404 0.644390
9.0773 16.63445 -16.63445 0.133353 10.4145 0.645995
9.2704 16.90319 -16.90319 0.137662 10.3881 0.647637
9.4635 17.16836 -17.16836 0.141993 10.3612 0.649315
9.6567 17.42993 -17.42993 0.146342 10.3339 0.651029
9.8498 17.68788 -17.68788 0.150709 10.3062 0.652778
10.0429 17.94218 -17.94218 0.155090 10.2782 0.654561
10.2361 18.19283 -18.19283 0.159485 10.2497 0.656377
10.4292 18.43980 -18.43980 0.163891 10.2209 0.658226
10.6223 18.68310 -18.68310 0.168307 10.1918 0.660106
10.8155 18.92270 -18.92270 0.172730 10.1624 0.662017
11.0086 19.15861 -19.15861 0.177160 10.1327 0.663958
11.2017 19.39082 -19.39082 0.181593 10.1027 0.665928
11.3949 19.61934 -19.61934 0.186029 10.0725 0.667927
11.5880 19.84417 -19.84417 0.190467 10.0420 0.669954
11.7811 20.06531 -20.06531 0.194905 10.0113 0.672008
11.9743 20.28277 -20.28277 0.199340 9.9804 0.674089
12.1674 20.49655 -20.49655 0.203773 9.9493 0.676195
12.3605 20.70668 -20.70668 0.208202 9.9181 0.678326
12.5537 20.91315 -20.91315 0.212626 9.8867 0.680482
12.7468 21.11600 -21.11600 0.217042 9.8551 0.682661
12.9399 21.31522 -21.31522 0.221452 9.8234 0.684864
13.1331 21.51084 -21.51084 0.225852 9.7916 0.687089
13.3262 21.70288 -21.70288 0.230243 9.7597 0.689336
13.5193 21.89135 -21.89135 0.234623 9.7277 0.691604
13.7125 22.07627 -22.07627 0.238992 9.6956 0.693893
13.9056 22.25768 -22.25768 0.243348 9.6634 0.696202
14.0987 22.43558 -22.43558 0.247691 9.6312 0.698530
14.2919 22.61000 -22.61000 0.252020 9.5990 0.700878
14.4850 22.78097 -22.78097 0.256334 9.5667 0.703244
14.6781 22.94851 -22.94851 0.260633 9.5343 0.705627
14.8713 23.11264 -23.11264 0.264916 9.5020 0.708028
15.0644 23.27340 -23.27340 0.269182 9.4697 0.710446
15.2575 23.43081 -23.43081 0.273431 9.4373 0.712880
15.4507 23.58489 -23.58489 0.277663 9.4050 0.715330
15.6438 23.73568 -23.73568 0.281876 9.3727 0.717795
15.8369 23.88319 -23.88319 0.286070 9.3404 0.720275
16.0301 24.02747 -24.02747 0.290245 9.3082 0.722770
16.2232 24.16853 -24.16853 0.294401 9.2760 0.725279
16.4163 24.30641 -24.30641 0.298537 9.2439 0.727801
16.6095 24.44114 -24.44114 0.302653 9.2118 0.730336
16.8026 24.57274 -24.57274 0.306748 9.1798 0.732884
16.9957 24.70125 -24.70125 0.310822 9.1478 0.735444
17.1889 24.82669 -24.82669 0.314876 9.1159 0.738016
17.3820 24.94909 -24.94909 0.318908 9.0841 0.740599
17.5751 25.06849 -25.06849 0.322918 9.0524 0.743194
17.7683 25.18491 -25.18491 0.326908 9.0208 0.745799
17.9614 25.29838 -25.29838 0.330875 8.9893 0.748415
18.1545 25.40894 -25.40894 0.334820 8.9578 0.751040
18.3477 25.51661 -25.51661 0.338743 8.9265 0.753676
18.5408 25.62142 -25.62142 0.342645 8.8953 0.756320
18.7339 25.72340 -25.72340 0.346524 8.8642 0.758974
18.9271 25.82258 -25.82258 0.350380 8.8332 0.761636
19.1202 25.91899 -25.91899 0.354215 8.8023 0.764307
19.3133 26.01266 -26.01266 0.358027 8.7716 0.766986
19.5065 26.10361 -26.10361 0.361816 8.7410 0.769672
19.6996 26.19189 -26.19189 0.365584 8.7105 0.772366
19.8927 26.27750 -26.27750 0.369329 8.6801 0.775067
20.0859 26.36049 -26.36049 0.373051 8.6499 0.777775
20.2790 26.44088 -26.44088 0.376752 8.6198 0.780490
20.4721 26.51870 -26.51870 0.380430 8.5899 0.783211
20.6653 26.59398 -26.59398 0.384086 8.5601 0.785938
20.8584 26.66674 -26.66674 0.387721 8.5304 0.788671
21.0515 26.73701 -26.73701 0.391333 8.5009 0.791410
21.2447 26.80482 -26.80482 0.394923 8.4715 0.794154
21.4378 26.87019 -26.87019 0.398492 8.4423 0.796903
21.6309 26.93316 -26.93316 0.402039 8.4132 0.799657
21.8241 26.99374 -26.99374 0.405565 8.3843 0.802416
22.0172 27.05196 -27.05196 0.409069 8.3555 0.805180
22.2103 27.10785 -27.10785 0.412552 8.3269 0.807947
22.4035 27.16143 -27.16143 0.416014 8.2984 0.810719
22.5966 27.21273 -27.21273 0.419455 8.2701 0.813495
22.7897 27.26177 -27.26177 0.422876 8.2419 0.816275
22.9829 27.30858 -27.30858 0.426275 8.2139 0.819058
23.1760 27.35318 -27.35318 0.429655 8.1861 0.821844
23.3691 27.39559 -27.39559 0.433014 8.1584 0.824634
23.5623 27.43584 -27.43584 0.436354 8.1309 0.827426
23.7554 27.47394 -27.47394 0.439673 8.1035 0.830222
23.9485 27.50993 -27.50993 0.442973 8.0763 0.833020
24.1417 27.54383 -27.54383 0.446254 8.0492 0.835820
24.3348 27.57565 -27.57565 0.449515 8.0223 0.838623
24.5279 27.60542 -27.60542 0.452757 7.9956 0.841429
24.7211 27.63316 -27.63316 0.455981 7.9690 0.844236
24.9142 27.65889 -27.65889 0.459186 7.9425 0.847045
25.1073 27.68263 -27.68263 0.462373 7.9163 0.849856
25.3005 27.70440 -27.70440 0.465541 7.8902 0.852669
25.4936 27.72423 -27.72423 0.468692 7.8642 0.855483
25.6867 27.74212 -27.74212 0.471825 7.8384 0.858299
25.8799 27.75811 -27.75811 0.474941 7.8128 0.861116
26.0730 27.77220 -27.77220 0.478039 7.7873 0.863934
26.2661 27.78443 -27.78443 0.481121 7.7619 0.866753
26.4593 27.79480 -27.79480 0.484185 7.7368 0.869574
26.6524 27.80334 -27.80334 0.487234 7.7118 0.872395
26.8455 27.81006 -27.81006 0.490265 7.6869 0.875216
27.0387 27.81498 -27.81498 0.493281 7.6622 0.878039
27.2318 27.81812 -27.81812 0.496281 7.6376 0.880861
27.4249 27.81949 -27.81949 0.499266 7.6132 0.883685
27.6181 27.81912 -27.81912 0.502235 7.5890 0.886508
27.8112 27.81702 -27.81702 0.505190 7.5649 0.889332
28.0043 27.81320 -27.81320 0.508129 7.5409 0.892156
28.1975 27.80768 -27.80768 0.511054 7.5171 0.894980
28.3906 27.80047 -27.80047 0.513964 7.4935 0.897804
28.5837 27.79160 -27.79160 0.516861 7.4700 0.900628
28.7769 27.78107 -27.78107 0.519743 7.4467 0.903451
28.9700 27.76891 -27.76891 0.522612 7.4235 0.906274
29.1631 27.75512 -27.75512 0.525468 7.4004 0.909097
29.3563 27.73972 -27.73972 0.528310 7.3775 0.911920
29.5494 27.72272 -27.72272 0.531140 7.3547 0.914742
29.7425 27.70414 -27.70414 0.533957 7.3321 0.917563
29.9357 27.68399 -27.68399 0.536762 7.3097 0.920384
30.1288 27.66228 -27.66228 0.539554 7.2873 0.923204
30.3219 27.63903 -27.63903 0.542335 7.2651 0.926023
30.5151 27.61425 -27.61425 0.545104 7.2431 0.928841
30.7082 27.58796 -27.58796 0.547861 7.2212 0.931658
30.9013 27.56015 -27.56015 0.550608 7.1994 0.934475
31.0945 27.53085 -27.53085 0.553343 7.1778 0.937290
31.2876 27.50007 -27.50007 0.556068 7.1563 0.940104
31.4807 27.46782 -27.46782 0.558782 7.1350 0.942917
31.6739 27.43410 -27.43410 0.561487 7.1138 0.945729
31.8670 27.39894 -27.39894 0.564181 7.0927 0.948539
32.0601 27.36234 -27.36234 0.566865 7.0717 0.951348
32.2533 27.32431 -27.32431 0.569540 7.0509 0.954155
32.4464 27.28486 -27.28486 0.572206 7.0303 0.956962
32.6395 27.24401 -27.24401 0.574863 7.0097 0.959766
32.8327 27.20176 -27.20176 0.577511 6.9893 0.962569
33.0258 27.15812 -27.15812 0.580151 6.9690 0.965370
33.2189 27.11310 -27.11310 0.582782 6.9489 0.968170
33.4121 27.06671 -27.06671 0.585405 6.9289 0.970968
33.6052 27.01896 -27.01896 0.588020 6.9090 0.973764
33.7983 26.96986 -26.96986 0.590628 6.8892 0.976558
33.9915 26.91942 -26.91942 0.593229 6.8695 0.979350
34.1846 26.86764 -26.86764 0.595822 6.8500 0.982140
34.3777 26.81454 -26.81454 0.598408 6.8306 0.984929
34.5709 26.76011 -26.76011 0.600988 6.8114 0.987715
34.7640 26.70438 -26.70438 0.603561 6.7922 0.990499
34.9571 26.64734 -26.64734 0.606128 6.7732 0.993281
35.1503 26.58901 -26.58901 0.608689 6.7543 0.996061
35.3434 26.52939 -26.52939 0.611244 6.7355 0.998838
35.5365 26.46849 -26.46849 0.613794 6.7169 1.001614
35.7297 26.40631 -26.40631 0.616339 6.6983 1.004386
35.9228 26.34287 -26.34287 0.618878 6.6799 1.007157
36.1159 26.27816 -26.27816 0.621412 6.6616 1.009925
36.3091 26.21220 -26.21220 0.623942 6.6434 1.012690
36.5022 26.14500 -26.14500 0.626467 6.6253 1.015453
36.6953 26.07655 -26.07655 0.628988 6.6074 1.018213
36.8885 26.00686 -26.00686 0.631505 6.5895 1.020971
37.0816 25.93594 -25.93594 0.634018 6.5718 1.023726
37.2747 25.86380 -25.86380 0.636528 6.5542 1.026478
37.4679 25.79044 -25.79044 0.639034 6.5366 1.029227
37.6610 25.71586 -25.71586 0.641537 6.5193 1.031973
37.8541 25.64007 -25.64007 0.644037 6.5020 1.034717
38.0473 25.56308 -25.56308 0.646534 6.4848 1.037457
38.2404 25.48489 -25.48489 0.649029 6.4677 1.040194
38.4335 25.40550 -25.40550 0.651522 6.4508 1.042929
38.6267 25.32492 -25.32492 0.654012 6.4339 1.045660
38.8198 25.24316 -25.24316 0.656500 6.4172 1.048387
39.0129 25.16021 -25.16021 0.658987 6.4005 1.051112
39.2061 25.07609 -25.07609 0.661472 6.3840 1.053833
39.3992 24.99079 -24.99079 0.663955 6.3676 1.056551
39.5923 24.90432 -24.90432 0.666438 6.3513 1.059265
39.7855 24.81668 -24.81668 0.668919 6.3351 1.061976
39.9786 24.72788 -24.72788 0.671400 6.3190 1.064683
40.1717 24.63792 -24.63792 0.673880 6.3030 1.067387
40.3649 24.54680 -24.54680 0.676360 6.2871 1.070087
40.5580 24.45453 -24.45453 0.678840 6.2713 1.072783
40.7511 24.36111 -24.36111 0.681319 6.2556 1.075475
40.9443 24.26654 -24.26654 0.683799 6.2400 1.078163
41.1374 24.17083 -24.17083 0.686279 6.2245 1.080847
41.3305 24.07397 -24.07397 0.688759 6.2091 1.083527
41.5237 23.97597 -23.97597 0.691241 6.1938 1.086203
41.7168 23.87684 -23.87684 0.693723 6.1786 1.088875
41.9099 23.77657 -23.77657 0.696206 6.1635 1.091542
42.1031 23.67517 -23.67517 0.698690 6.1485 1.094205
42.2962 23.57263 -23.57263 0.701176 6.1336 1.096863
42.4893 23.46897 -23.46897 0.703663 6.1188 1.099517
42.6825 23.36418 -23.36418 0.706152 6.1041 1.102166
42.8756 23.25826 -23.25826 0.708643 6.0895 1.104810
43.0687 23.15122 -23.15122 0.711136 6.0749 1.107449
43.2619 23.04306 -23.04306 0.713631 6.0605 1.110084
43.4550 22.93377 -22.93377 0.716129 6.0462 1.112713
43.6481 22.82337 -22.82337 0.718628 6.0320 1.115337
43.8413 22.71184 -22.71184 0.721131 6.0179 1.117956
44.0344 22.59920 -22.59920 0.723636 6.0038 1.120570
44.2275 22.48544 -22.48544 0.726144 5.9899 1.123178
44.4207 22.37057 -22.37057 0.728655 5.9760 1.125780
44.6138 22.25458 -22.25458 0.731170 5.9623 1.128377
44.8069 22.13748 -22.13748 0.733687 5.9486 1.130967
45.0001 22.01926 -22.01926 0.736208 5.9351 1.133552
45.1932 21.89993 -21.89993 0.738733 5.9216 1.136131
45.3863 21.77949 -21.77949 0.741261 5.9082 1.138704
45.5795 21.65794 -21.65794 0.743793 5.8949 1.141270
45.7726 21.53527 -21.53527 0.746328 5.8817 1.143830
45.9657 21.41149 -21.41149 0.748868 5.8686 1.146383
46.1589 21.28660 -21.28660 0.751412 5.8556 1.148930
46.3520 21.16060 -21.16060 0.753960 5.8427 1.151469
46.5451 21.03349 -21.03349 0.756512 5.8299 1.154002
46.7383 20.90527 -20.90527 0.759068 5.8172 1.156527
46.9314 20.77594 -20.77594 0.761629 5.8045 1.159045
47.1245 20.64549 -20.64549 0.764194 5.7920 1.161556
47.3177 20.51393 -20.51393 0.766764 5.7795 1.164059
47.5108 20.38126 -20.38126 0.769339 5.7672 1.166554
47.7039 20.24748 -20.24748 0.771918 5.7549 1.169041
47.8971 20.11258 -20.11258 0.774501 5.7427 1.171520
48.0902 19.97657 -19.97657 0.777090 5.7306 1.173991
48.2833 19.83945 -19.83945 0.779683 5.7186 1.176453
48.4765 19.70121 -19.70121 0.782281 5.7067 1.178906
48.6696 19.56186 -19.56186 0.784883 5.6949 1.181351
48.8627 19.42139 -19.42139 0.787491 5.6832 1.183786
49.0559 19.27980 -19.27980 0.790103 5.6716 1.186212
49.2490 19.13710 -19.13710 0.792720 5.6600 1.188629
49.4421 18.99328 -18.99328 0.795341 5.6486 1.191036
49.6353 18.84834 -18.84834 0.797968 5.6373 1.193433
49.8284 18.70228 -18.70228 0.800599 5.6260 1.195820
50.0215 18.55510 -18.55510 0.803234 5.6149 1.198196
50.2147 18.40680 -18.40680 0.805875 5.6038 1.200562
50.4078 18.25738 -18.25738 0.808519 5.5928 1.202917
50.6009 18.10683 -18.10683 0.811168 5.5819 1.205261
50.7941 17.95516 -17.95516 0.813822 5.5712 1.207594
50.9872 17.80237 -17.80237 0.816479 5.5605 1.209915
51.1803 17.64845 -17.64845 0.819141 5.5499 1.212225
51.3735 17.49340 -17.49340 0.821807 5.5394 1.214522
51.5666 17.33723 -17.33723 0.824476 5.5290 1.216807
51.7597 17.17993 -17.17993 0.827149 5.5187 1.219079
51.9529 17.02150 -17.02150 0.829826 5.5085 1.221339
52.1460 16.86193 -16.86193 0.832506 5.4983 1.223585
52.3391 16.70124 -16.70124 0.835189 5.4883 1.225818
52.5323 16.53942 -16.53942 0.837875 5.4784 1.228037
52.7254 16.37647 -16.37647 0.840563 5.4686 1.230241
52.9185 16.21238 -16.21238 0.843254 5.4589 1.232432
53.1117 16.04716 -16.04716 0.845947 5.4493 1.234608
53.3048 15.88081 -15.88081 0.848642 5.4397 1.236769
53.4979 15.71332 -15.71332 0.851338 5.4303 1.238914
53.6911 15.54470 -15.54470 0.854036 5.4210 1.241044
53.8842 15.37494 -15.37494 0.856734 5.4118 1.243157
54.0773 15.20405 -15.20405 0.859433 5.4027 1.245255
54.2705 15.03202 -15.03202 0.862132 5.3937 1.247335
54.4636 14.85886 -14.85886 0.864831 5.3847 1.249399
54.6567 14.68456 -14.68456 0.867529 5.3759 1.251445
54.8499 14.50913 -14.50913 0.870226 5.3672 1.253473
55.0430 14.33256 -14.33256 0.872921 5.3586 1.255483
55.2361 14.15486 -14.15486 0.875615 5.3502 1.257474
55.4293 13.97602 -13.97602 0.878305 5.3418 1.259446
55.6224 13.79605 -13.79605 0.880993 5.3335 1.261399
55.8155 13.61495 -13.61495 0.883677 5.3254 1.263332
56.0087 13.43272 -13.43272 0.886356 5.3173 1.265245
56.2018 13.24936 -13.24936 0.889031 5.3094 1.267137
56.3949 13.06487 -13.06487 0.891700 5.3015 1.269007
56.5881 12.87925 -12.87925 0.894363 5.2938 1.270857
56.7812 12.69251 -12.69251 0.897018 5.2862 1.272684
56.9743 12.50464 -12.50464 0.899667 5.2787 1.274489
57.1675 12.31565 -12.31565 0.902306 5.2714 1.276271
57.3606 12.12555 -12.12555 0.904937 5.2641 1.278029
57.5537 11.93433 -11.93433 0.907558 5.2570 1.279764
57.7469 11.74199 -11.74199 0.910167 5.2500 1.281474
57.9400 11.54855 -11.54855 0.912765 5.2431 1.283159
58.1331 11.35399 -11.35399 0.915351 5.2363 1.284820
58.3263 11.15834 -11.15834 0.917922 5.2296 1.286454
58.5194 10.96158 -10.96158 0.920480 5.2231 1.288062
58.7125 10.76374 -10.76374 0.923021 5.2167 1.289643
58.9057 10.56480 -10.56480 0.925547 5.2104 1.291196
59.0988 10.36477 -10.36477 0.928054 5.2043 1.292722
59.2919 10.16367 -10.16367 0.930543 5.1983 1.294219
59.4851 9.96149 -9.96149 0.933012 5.1924 1.295688
59.6782 9.75825 -9.75825 0.935460 5.1866 1.297127
59.8713 9.55394 -9.55394 0.937885 5.1810 1.298535
60.0645 9.34858 -9.34858 0.940288 5.1755 1.299913
60.2576 9.14217 -9.14217 0.942665 5.1701 1.301260
60.4507 8.93472 -8.93472 0.945017 5.1649 1.302576
60.6439 8.72623 -8.72623 0.947341 5.1598 1.303859
60.8370 8.51673 -8.51673 0.949636 5.1549 1.305109
61.0301 8.30621 -8.30621 0.951902 5.1501 1.306325
61.2233 8.09468 -8.09468 0.954136 5.1454 1.307508
61.4164 7.88216 -7.88216 0.956337 5.1409 1.308656
61.6095 7.66865 -7.66865 0.958503 5.1365 1.309769
61.8027 7.45417 -7.45417 0.960634 5.1323 1.310846
61.9958 7.23873 -7.23873 0.962727 5.1283 1.311887
62.1889 7.02234 -7.02234 0.964781 5.1243 1.312891
62.3821 6.80501 -6.80501 0.966795 5.1206 1.313857
62.5752 6.58675 -6.58675 0.968766 5.1169 1.314786
62.7683 6.36758 -6.36758 0.970694 5.1135 1.315675
62.9615 6.14752 -6.14752 0.972576 5.1102 1.316526
63.1546 5.92657 -5.92657 0.974411 5.1070 1.317337
63.3477 5.70476 -5.70476 0.976197 5.1041 1.318107
63.5409 5.48209 -5.48209 0.977933 5.1012 1.318836
63.7340 5.25860 -5.25860 0.979616 5.0986 1.319524
63.9271 5.03429 -5.03429 0.981246 5.0961 1.320170
64.1203 4.80918 -4.80918 0.982819 5.0938 1.320773
64.3134 4.58329 -4.58329 0.984335 5.0916 1.321332
64.5065 4.35665 -4.35665 0.985792 5.0896 1.321849
64.6997 4.12927 -4.12927 0.987188 5.0878 1.322320
64.8928 3.90117 -3.90117 0.988522 5.0862 1.322747
65.0859 3.67239 -3.67239 0.989791 5.0847 1.323129
65.2791 3.44294 -3.44294 0.990993 5.0834 1.323464
65.4722 3.21286 -3.21286 0.992128 5.0823 1.323754
65.6653 2.98216 -2.98216 0.993194 5.0814 1.323996
65.8585 2.75089 -2.75089 0.994188 5.0806 1.324191
66.0516 2.51908 -2.51908 0.995109 5.0800 1.324338
66.2447 2.28677 -2.28677 0.995955 5.0797 1.324437
66.4379 2.05401 -2.05401 0.996725 5.0795 1.324487
66.6310 1.82087 -1.82087 0.997418 5.0795 1.324488
66.8241 1.58743 -1.58743 0.998031 5.0797 1.324440
67.0173 1.35383 -1.35383 0.998563 5.0800 1.324341
67.2104 1.12030 -1.12030 0.999013 5.0806 1.324192
67.4035 0.88725 -0.88725 0.999379 5.0814 1.323992
67.5967 0.65569 -0.65569 0.999660 5.0823 1.323742
67.7898 0.42872 -0.42872 0.999854 5.0835 1.323439
67.9829 0.22213 -0.22213 0.999961 5.0849 1.323086
68.1761 0.16435 0.16435 0.999978 5.0864 1.322680
68.3692 0.34238 0.34238 0.999906 5.0882 1.322221
68.5623 0.56598 0.56598 0.999743 5.0901 1.321711
68.7555 0.79789 0.79789 0.999487 5.0923 1.321147
68.9486 1.03264 1.03264 0.999138 5.0947 1.320531
69.1417 1.26872 1.26872 0.998695 5.0973 1.319861
69.3349 1.50554 1.50554 0.998158 5.1001 1.319138
69.5280 1.74282 1.74282 0.997525 5.1031 1.318362
69.7211 1.98038 1.98038 0.996796 5.1063 1.317532
69.9143 2.21811 2.21811 0.995970 5.1097 1.316649
70.1074 2.45595 2.45595 0.995047 5.1133 1.315712
70.3005 2.69381 2.69381 0.994027 5.1172 1.314721
70.4937 2.93165 2.93165 0.992909 5.1213 1.313677
70.6868 3.16941 3.16941 0.991694 5.1256 1.312579
70.8799 3.40706 3.40706 0.990381 5.1301 1.311427
71.0731 3.64454 3.64454 0.988969 5.1348 1.310222
71.2662 3.88183 3.88183 0.987461 5.1397 1.308964
71.4593 4.11887 4.11887 0.985854 5.1449 1.307652
71.6525 4.35563 4.35563 0.984151 5.1502 1.306287
71.8456 4.59208 4.59208 0.982350 5.1558 1.304869
72.0387 4.82817 4.82817 0.980454 5.1617 1.303398
72.2319 5.06387 5.06387 0.978461 5.1677 1.301875
72.4250 5.29914 5.29914 0.976374 5.1740 1.300300
72.6181 5.53395 5.53395 0.974193 5.1804 1.298672
72.8113 5.76826 5.76826 0.971918 5.1871 1.296993
73.0044 6.00204 6.00204 0.969551 5.1941 1.295263
73.1975 6.23525 6.23525 0.967093 5.2012 1.293482
73.3907 6.46785 6.46785 0.964544 5.2086 1.291650
73.5838 6.69982 6.69982 0.961906 5.2162 1.289768
73.7769 6.93111 6.93111 0.959181 5.2240 1.287836
73.9701 7.16170 7.16170 0.956370 5.2321 1.285855
74.1632 7.39155 7.39155 0.953474 5.2403 1.283825
74.3563 7.62062 7.62062 0.950494 5.2488 1.281747
74.5495 7.84890 7.84890 0.947433 5.2576 1.279622
74.7426 8.07633 8.07633 0.944291 5.2665 1.277449
74.9357 8.30290 8.30290 0.941071 5.2757 1.275229
75.1289 8.52858 8.52858 0.937775 5.2851 1.272963
75.3220 8.75332 8.75332 0.934404 5.2947 1.270652
75.5151 8.97710 8.97710 0.930959 5.3045 1.268296
75.7083 9.19990 9.19990 0.927444 5.3146 1.265895
75.9014 9.42168 9.42168 0.923859 5.3249 1.263451
76.0945 9.64242 9.64242 0.920207 5.3354 1.260965
76.2877 9.86208 9.86208 0.916490 5.3461 1.258435
76.4808 10.08064 10.08064 0.912710 5.3570 1.255864
76.6739 10.29807 10.29807 0.908868 5.3682 1.253253
76.8671 10.51436 10.51436 0.904967 5.3796 1.250601
77.0602 10.72946 10.72946 0.901010 5.3912 1.247909
77.2533 10.94336 10.94336 0.896997 5.4030 1.245179
77.4465 11.15603 11.15603 0.892932 5.4150 1.242411
77.6396 11.36746 11.36746 0.888815 5.4273 1.239606
77.8327 11.57761 11.57761 0.884650 5.4398 1.236764
78.0259 11.78646 11.78646 0.880439 5.4524 1.233886
78.2190 11.99400 11.99400 0.876183 5.4653 1.230973
78.4121 12.20020 12.20020 0.871884 5.4785 1.228026
78.6053 12.40503 12.40503 0.867545 5.4918 1.225045
78.7984 12.60849 12.60849 0.863168 5.5053 1.222032
78.9915 12.81055 12.81055 0.858754 5.5191 1.218986
79.1847 13.01120 13.01120 0.854306 5.5331 1.215910
79.3778 13.21041 13.21041 0.849825 5.5472 1.212803
79.5709 13.40817 13.40817 0.845314 5.5616 1.209666
79.7641 13.60446 13.60446 0.840775 5.5762 1.206501
79.9572 13.79926 13.79926 0.836208 5.5910 1.203307
80.1503 13.99256 13.99256 0.831617 5.6060 1.200086
80.3435 14.18435 14.18435 0.827003 5.6212 1.196838
80.5366 14.37461 14.37461 0.822368 5.6366 1.193564
80.7297 14.56332 14.56332 0.817713 5.6523 1.190266
80.9229 14.75048 14.75048 0.813040 5.6681 1.186943
81.1160 14.93606 14.93606 0.808351 5.6841 1.183596
81.3091 15.12006 15.12006 0.803647 5.7003 1.180227
81.5023 15.30247 15.30247 0.798931 5.7168 1.176835
81.6954 15.48327 15.48327 0.794202 5.7334 1.173422
81.8885 15.66245 15.66245 0.789464 5.7502 1.169988
82.0817 15.84001 15.84001 0.784718 5.7672 1.166534
82.2748 16.01593 16.01593 0.779964 5.7845 1.163061
82.4679 16.19020 16.19020 0.775204 5.8019 1.159570
82.6611 16.36281 16.36281 0.770440 5.8195 1.156060
82.8542 16.53376 16.53376 0.765672 5.8373 1.152534
83.0473 16.70303 16.70303 0.760902 5.8553 1.148990
83.2405 16.87062 16.87062 0.756132 5.8735 1.145431
83.4336 17.03652 17.03652 0.751362 5.8919 1.141857
83.6267 17.20073 17.20073 0.746593 5.9105 1.138268
83.8199 17.36323 17.36323 0.741826 5.9292 1.134665
84.0130 17.52402 17.52402 0.737063 5.9482 1.131049
84.2061 17.68310 17.68310 0.732304 5.9673 1.127420
84.3993 17.84045 17.84045 0.727550 5.9867 1.123779
84.5924 17.99607 17.99607 0.722802 6.0062 1.120126
84.7855 18.14996 18.14996 0.718062 6.0259 1.116463
84.9787 18.30211 18.30211 0.713328 6.0458 1.112789
85.1718 18.45251 18.45251 0.708604 6.0659 1.109106
85.3649 18.60117 18.60117 0.703888 6.0861 1.105413
85.5581 18.74807 18.74807 0.699183 6.1066 1.101712
85.7512 18.89321 18.89321 0.694487 6.1272 1.098003
85.9443 19.03659 19.03659 0.689803 6.1480 1.094286
86.1375 19.17820 19.17820 0.685131 6.1690 1.090562
86.3306 19.31805 19.31805 0.680470 6.1902 1.086831
86.5237 19.45612 19.45612 0.675823 6.2115 1.083095
86.7169 19.59241 19.59241 0.671188 6.2331 1.079353
86.9100 19.72692 19.72692 0.666567 6.2548 1.075605
87.1031 19.85964 19.85964 0.661960 6.2767 1.071854
87.2963 19.99058 19.99058 0.657367 6.2988 1.068098
87.4894 20.11973 20.11973 0.652789 6.3210 1.064338
87.6825 20.24708 20.24708 0.648226 6.3434 1.060575
87.8757 20.37264 20.37264 0.643678 6.3660 1.056810
88.0688 20.49639 20.49639 0.639146 6.3888 1.053042
88.2619 20.61835 20.61835 0.634630 6.4118 1.049272
88.4551 20.73849 20.73849 0.630129 6.4349 1.045500
88.6482 20.85683 20.85683 0.625645 6.4582 1.041728
88.8413 20.97336 20.97336 0.621177 6.4817 1.037954
89.0345 21.08807 21.08807 0.616726 6.5053 1.034180
89.2276 21.20097 21.20097 0.612291 6.5292 1.030407
89.4207 21.31205 21.31205 0.607873 6.5532 1.026633
89.6139 21.42130 21.42130 0.603472 6.5773 1.022861
89.8070 21.52873 21.52873 0.599087 6.6017 1.019089
90.0001 21.63434 21.63434 0.594720 6.6262 1.015319
90.1933 21.73811 21.73811 0.590369 6.6509 1.011551
90.3864 21.84005 21.84005 0.586036 6.6757 1.007784
90.5795 21.94015 21.94015 0.581720 6.7008 1.004021
90.7727 22.03842 22.03842 0.577420 6.7259 1.000259
90.9658 22.13484 22.13484 0.573138 6.7513 0.996501
91.1589 22.22942 22.22942 0.568872 6.7768 0.992747
91.3521 22.32215 22.32215 0.564623 6.8026 0.988996
91.5452 22.41303 22.41303 0.560391 6.8284 0.985249
91.7383 22.50205 22.50205 0.556176 6.8545 0.981506
91.9315 22.58922 22.58922 0.551978 6.8807 0.977767
92.1246 22.67453 22.67453 0.547796 6.9070 0.974034
92.3177 22.75797 22.75797 0.543630 6.9336 0.970305
92.5109 22.83954 22.83954 0.539481 6.9603 0.966582
92.7040 22.91924 22.91924 0.535347 6.9872 0.962864
92.8971 22.99707 22.99707 0.531230 7.0142 0.959152
93.0903 23.07302 23.07302 0.527129 7.0414 0.955446
93.2834 23.14708 23.14708 0.523043 7.0688 0.951747
93.4765 23.21926 23.21926 0.518973 7.0963 0.948053
93.6697 23.28954 23.28954 0.514919 7.1240 0.944367
93.8628 23.35793 23.35793 0.510879 7.1519 0.940688
94.0559 23.42442 23.42442 0.506855 7.1799 0.937015
94.2491 23.48900 23.48900 0.502846 7.2081 0.933351
94.4422 23.55168 23.55168 0.498851 7.2365 0.929693
94.6353 23.61244 23.61244 0.494871 7.2650 0.926044
94.8285 23.67128 23.67128 0.490905 7.2937 0.922403
95.0216 23.72820 23.72820 0.486953 7.3225 0.918770
95.2147 23.78319 23.78319 0.483015 7.3515 0.915145
95.4079 23.83624 23.83624 0.479091 7.3807 0.911529
95.6010 23.88735 23.88735 0.475180 7.4100 0.907922
95.7941 23.93652 23.93652 0.471283 7.4395 0.904323
95.9873 23.98373 23.98373 0.467398 7.4691 0.900734
96.1804 24.02899 24.02899 0.463527 7.4989 0.897155
96.3735 24.07228 24.07228 0.459668 7.5289 0.893585
96.5667 24.11361 24.11361 0.455822 7.5590 0.890024
96.7598 24.15295 24.15295 0.451987 7.5893 0.886474
96.9529 24.19032 24.19032 0.448165 7.6197 0.882933
97.1461 24.22569 24.22569 0.444355 7.6503 0.879403
97.3392 24.25907 24.25907 0.440556 7.6810 0.875883
97.5323 24.29045 24.29045 0.436768 7.7119 0.872374
97.7255 24.31981 24.31981 0.432992 7.7430 0.868876
97.9186 24.34716 24.34716 0.429226 7.7742 0.865388
98.1117 24.37249 24.37249 0.425471 7.8055 0.861912
98.3049 24.39578 24.39578 0.421727 7.8371 0.858446
98.4980 24.41703 24.41703 0.417992 7.8687 0.854992
98.6911 24.43623 24.43623 0.414268 7.9005 0.851550
98.8843 24.45338 24.45338 0.410554 7.9325 0.848119
99.0774 24.46847 24.46847 0.406849 7.9646 0.844700
99.2705 24.48148 24.48148 0.403154 7.9968 0.841293
99.4637 24.49241 24.49241 0.399468 8.0292 0.837898
99.6568 24.50125 24.50125 0.395790 8.0618 0.834516
99.8499 24.50800 24.50800 0.392122 8.0945 0.831146
100.0431 24.51264 24.51264 0.388462 8.1273 0.827788
100.2362 24.51516 24.51516 0.384811 8.1603 0.824443
100.4293 24.51556 24.51556 0.381168 8.1934 0.821112
100.6225 24.51383 24.51383 0.377533 8.2266 0.817793
100.8156 24.50995 24.50995 0.373906 8.2600 0.814487
101.0087 24.50392 24.50392 0.370286 8.2936 0.811194
101.2019 24.49573 24.49573 0.366674 8.3272 0.807916
101.3950 24.48536 24.48536 0.363070 8.3610 0.804650
101.5881 24.47282 24.47282 0.359472 8.3949 0.801399
101.7813 24.45808 24.45808 0.355882 8.4290 0.798161
101.9744 24.44115 24.44115 0.352298 8.4632 0.794937
102.1675 24.42200 24.42200 0.348721 8.4975 0.791728
102.3607 24.40063 24.40063 0.345151 8.5319 0.788533
102.5538 24.37703 24.37703 0.341587 8.5665 0.785352
102.7469 24.35119 24.35119 0.338029 8.6011 0.782186
102.9401 24.32309 24.32309 0.334478 8.6359 0.779035
103.1332 24.29273 24.29273 0.330932 8.6708 0.775898
103.3263 24.26010 24.26010 0.327393 8.7059 0.772777
103.5195 24.22518 24.22518 0.323859 8.7410 0.769671
103.7126 24.18797 24.18797 0.320331 8.7762 0.766581
103.9057 24.14845 24.14845 0.316809 8.8116 0.763506
104.0989 24.10661 24.10661 0.313292 8.8470 0.760446
104.2920 24.06245 24.06245 0.309780 8.8826 0.757403
104.4851 24.01595 24.01595 0.306274 8.9182 0.754376
104.6783 23.96710 23.96710 0.302774 8.9540 0.751364
104.8714 23.91589 23.91589 0.299278 8.9898 0.748369
105.0645 23.86231 23.86231 0.295788 9.0257 0.745391
105.2577 23.80635 23.80635 0.292302 9.0617 0.742429
105.4508 23.74799 23.74799 0.288822 9.0978 0.739484
105.6439 23.68723 23.68723 0.285347 9.1340 0.736556
105.8371 23.62406 23.62406 0.281877 9.1702 0.733646
106.0302 23.55846 23.55846 0.278412 9.2065 0.730752
106.2233 23.49043 23.49043 0.274952 9.2429 0.727876
106.4165 23.41995 23.41995 0.271498 9.2793 0.725018
106.6096 23.34702 23.34702 0.268048 9.3158 0.722178
106.8027 23.27161 23.27161 0.264603 9.3524 0.719355
106.9959 23.19373 23.19373 0.261164 9.3890 0.716551
107.1890 23.11337 23.11337 0.257730 9.4256 0.713765
107.3821 23.03050 23.03050 0.254301 9.4623 0.710998
107.5753 22.94513 22.94513 0.250877 9.4990 0.708250
107.7684 22.85724 22.85724 0.247459 9.5358 0.705520
107.9615 22.76683 22.76683 0.244047 9.5726 0.702810
108.1547 22.67388 22.67388 0.240640 9.6094 0.700119
108.3478 22.57839 22.57839 0.237239 9.6462 0.697448
108.5409 22.48034 22.48034 0.233843 9.6830 0.694796
108.7341 22.37974 22.37974 0.230454 9.7198 0.692165
108.9272 22.27656 22.27656 0.227071 9.7566 0.689553
109.1203 22.17081 22.17081 0.223694 9.7934 0.686962
109.3135 22.06247 22.06247 0.220324 9.8302 0.684391
109.5066 21.95154 21.95154 0.216961 9.8669 0.681842
109.6997 21.83801 21.83801 0.213604 9.9037 0.679313
109.8929 21.72187 21.72187 0.210255 9.9404 0.676805
110.0860 21.60313 21.60313 0.206913 9.9770 0.674319
110.2791 21.48177 21.48177 0.203579 10.0136 0.671855
110.4723 21.35778 21.35778 0.200252 10.0502 0.669412
110.6654 21.23117 21.23117 0.196934 10.0866 0.666992
110.8585 21.10193 21.10193 0.193625 10.1230 0.664593
111.0517 20.97006 20.97006 0.190324 10.1593 0.662218
111.2448 20.83555 20.83555 0.187032 10.1956 0.659865
111.4379 20.69841 20.69841 0.183750 10.2317 0.657536
111.6311 20.55862 20.55862 0.180478 10.2677 0.655229
111.8242 20.41619 20.41619 0.177216 10.3036 0.652946
112.0173 20.27112 20.27112 0.173964 10.3394 0.650688
112.2105 20.12342 20.12342 0.170723 10.3750 0.648453
112.4036 19.97307 19.97307 0.167494 10.4105 0.646242
112.5967 19.82009 19.82009 0.164277 10.4458 0.644056
112.7899 19.66447 19.66447 0.161072 10.4810 0.641895
112.9830 19.50623 19.50623 0.157880 10.5160 0.639759
113.1761 19.34536 19.34536 0.154701 10.5508 0.637648
113.3693 19.18188 19.18188 0.151536 10.5854 0.635563
113.5624 19.01579 19.01579 0.148385 10.6198 0.633504
113.7555 18.84709 18.84709 0.145249 10.6540 0.631471
113.9487 18.67580 18.67580 0.142128 10.6880 0.629464
114.1418 18.50193 18.50193 0.139024 10.7217 0.627485
114.3349 18.32550 18.32550 0.135935 10.7552 0.625532
114.5281 18.14650 18.14650 0.132864 10.7884 0.623607
114.7212 17.96496 17.96496 0.129811 10.8213 0.621709
114.9143 17.78090 17.78090 0.126776 10.8539 0.619839
115.1075 17.59434 17.59434 0.123760 10.8863 0.617997
115.3006 17.40528 17.40528 0.120764 10.9183 0.616184
115.4937 17.21376 17.21376 0.117789 10.9500 0.614400
115.6869 17.01979 17.01979 0.114834 10.9814 0.612644
115.8800 16.82340 16.82340 0.111902 11.0124 0.610918
