days elong signed k diam dist
0.0000 6.52131 -6.52131 0.006121 61.1453 0.272930
0.9732 6.53934 -6.53934 0.006154 61.1730 0.272806
1.9464 6.91210 -6.91210 0.006875 61.1385 0.272960
2.9196 7.58520 -7.58520 0.008282 61.0421 0.273391
3.8928 8.48275 -8.48275 0.010363 60.8847 0.274098
4.8660 9.53513 -9.53513 0.013102 60.6678 0.275078
5.8392 10.68905 -10.68905 0.016480 60.3933 0.276329
6.8124 11.90658 -11.90658 0.020471 60.0636 0.277845
7.7856 13.16123 -13.16123 0.025046 59.6816 0.279624
8.7588 14.43426 -14.43426 0.030173 59.2504 0.281658
9.7320 15.71219 -15.71219 0.035815 58.7735 0.283944
10.7052 16.98506 -16.98506 0.041936 58.2544 0.286474
11.6784 18.24541 -18.24541 0.048497 57.6970 0.289242
12.6516 19.48748 -19.48748 0.055459 57.1051 0.292240
13.6248 20.70686 -20.70686 0.062783 56.4824 0.295461
14.5980 21.90010 -21.90010 0.070428 55.8329 0.298899
15.5712 23.06454 -23.06454 0.078357 55.1603 0.302543
16.5444 24.19815 -24.19815 0.086533 54.4681 0.306388
17.5176 25.29938 -25.29938 0.094921 53.7597 0.310426
18.4908 26.36715 -26.36715 0.103486 53.0384 0.314647
19.4640 27.40069 -27.40069 0.112199 52.3073 0.319045
20.4372 28.39956 -28.39956 0.121028 51.5691 0.323612
21.4104 29.36355 -29.36355 0.129947 50.8264 0.328341
22.3836 30.29267 -30.29267 0.138930 50.0817 0.333223
23.3568 31.18712 -31.18712 0.147956 49.3371 0.338252
24.3300 32.04723 -32.04723 0.157003 48.5944 0.343422
25.3032 32.87347 -32.87347 0.166054 47.8556 0.348724
26.2764 33.66642 -33.66642 0.175090 47.1220 0.354153
27.2496 34.42672 -34.42672 0.184098 46.3950 0.359702
28.2228 35.15508 -35.15508 0.193064 45.6758 0.365366
29.1960 35.85228 -35.85228 0.201977 44.9654 0.371138
30.1692 36.51913 -36.51913 0.210828 44.2647 0.377013
31.1424 37.15647 -37.15647 0.219607 43.5745 0.382986
32.1156 37.76514 -37.76514 0.228308 42.8952 0.389051
33.0888 38.34602 -38.34602 0.236924 42.2274 0.395203
34.0620 38.89998 -38.89998 0.245450 41.5714 0.401439
35.0352 39.42788 -39.42788 0.253883 40.9277 0.407753
36.0084 39.93058 -39.93058 0.262218 40.2964 0.414141
36.9816 40.40895 -40.40895 0.270453 39.6776 0.420600
37.9548 40.86381 -40.86381 0.278587 39.0715 0.427124
38.9280 41.29598 -41.29598 0.286617 38.4780 0.433712
39.9012 41.70628 -41.70628 0.294543 37.8972 0.440359
40.8744 42.09547 -42.09547 0.302364 37.3290 0.447062
41.8476 42.46432 -42.46432 0.310081 36.7734 0.453817
42.8208 42.81357 -42.81357 0.317693 36.2301 0.460622
43.7940 43.14393 -43.14393 0.325202 35.6990 0.467474
44.7672 43.45610 -43.45610 0.332608 35.1801 0.474370
45.7404 43.75075 -43.75075 0.339911 34.6730 0.481308
46.7136 44.02851 -44.02851 0.347114 34.1776 0.488285
47.6868 44.29002 -44.29002 0.354217 33.6936 0.495298
48.6600 44.53586 -44.53586 0.361222 33.2209 0.502346
49.6332 44.76663 -44.76663 0.368130 32.7592 0.509426
50.6064 44.98287 -44.98287 0.374943 32.3083 0.516536
51.5796 45.18512 -45.18512 0.381664 31.8679 0.523674
52.5528 45.37390 -45.37390 0.388292 31.4378 0.530839
53.5260 45.54969 -45.54969 0.394831 31.0177 0.538028
54.4992 45.71296 -45.71296 0.401282 30.6074 0.545240
55.4724 45.86419 -45.86419 0.407647 30.2067 0.552473
56.4456 46.00379 -46.00379 0.413927 29.8153 0.559725
57.4188 46.13219 -46.13219 0.420124 29.4330 0.566996
58.3920 46.24980 -46.24980 0.426241 29.0595 0.574284
59.3652 46.35699 -46.35699 0.432278 28.6946 0.581586
60.3384 46.45414 -46.45414 0.438238 28.3381 0.588903
61.3116 46.54161 -46.54161 0.444123 27.9897 0.596232
62.2848 46.61973 -46.61973 0.449933 27.6493 0.603573
63.2580 46.68884 -46.68884 0.455671 27.3166 0.610924
64.2312 46.74924 -46.74924 0.461338 26.9915 0.618284
65.2044 46.80124 -46.80124 0.466936 26.6736 0.625652
66.1776 46.84513 -46.84513 0.472466 26.3628 0.633027
67.1508 46.88119 -46.88119 0.477929 26.0590 0.640409
68.1240 46.90967 -46.90967 0.483329 25.7618 0.647795
69.0972 46.93085 -46.93085 0.488664 25.4712 0.655185
70.0704 46.94496 -46.94496 0.493938 25.1870 0.662579
71.0436 46.95224 -46.95224 0.499152 24.9090 0.669975
72.0168 46.95291 -46.95291 0.504306 24.6369 0.677373
72.9900 46.94721 -46.94721 0.509402 24.3707 0.684771
73.9632 46.93532 -46.93532 0.514441 24.1102 0.692170
74.9364 46.91746 -46.91746 0.519424 23.8553 0.699567
75.9096 46.89382 -46.89382 0.524354 23.6057 0.706964
76.8828 46.86459 -46.86459 0.529230 23.3614 0.714358
77.8560 46.82994 -46.82994 0.534054 23.1221 0.721749
78.8292 46.79004 -46.79004 0.538827 22.8879 0.729137
79.8024 46.74506 -46.74506 0.543549 22.6584 0.736520
80.7756 46.69517 -46.69517 0.548223 22.4337 0.743899
81.7488 46.64051 -46.64051 0.552849 22.2135 0.751273
82.7220 46.58122 -46.58122 0.557427 21.9978 0.758640
83.6952 46.51746 -46.51746 0.561960 21.7864 0.766002
84.6684 46.44936 -46.44936 0.566447 21.5792 0.773356
85.6416 46.37704 -46.37704 0.570889 21.3761 0.780703
86.6148 46.30064 -46.30064 0.575288 21.1770 0.788042
87.5880 46.22028 -46.22028 0.579644 20.9818 0.795372
88.5612 46.13608 -46.13608 0.583958 20.7905 0.802694
89.5344 46.04814 -46.04814 0.588231 20.6028 0.810006
90.5076 45.95658 -45.95658 0.592463 20.4187 0.817309
91.4808 45.86150 -45.86150 0.596656 20.2381 0.824601
92.4540 45.76301 -45.76301 0.600809 20.0610 0.831883
93.4272 45.66119 -45.66119 0.604924 19.8872 0.839154
94.4004 45.55615 -45.55615 0.609002 19.7166 0.846413
95.3736 45.44798 -45.44798 0.613042 19.5492 0.853660
96.3468 45.33675 -45.33675 0.617046 19.3849 0.860896
97.3200 45.22257 -45.22257 0.621013 19.2236 0.868118
98.2932 45.10550 -45.10550 0.624946 19.0653 0.875328
99.2664 44.98563 -44.98563 0.628844 18.9098 0.882525
100.2396 44.86303 -44.86303 0.632708 18.7571 0.889708
101.2128 44.73777 -44.73777 0.636538 18.6072 0.896878
102.1860 44.60993 -44.60993 0.640335 18.4599 0.904033
103.1592 44.47958 -44.47958 0.644099 18.3153 0.911174
104.1324 44.34677 -44.34677 0.647832 18.1731 0.918300
105.1056 44.21157 -44.21157 0.651533 18.0335 0.925411
106.0788 44.07405 -44.07405 0.655203 17.8963 0.932507
107.0520 43.93426 -43.93426 0.658842 17.7614 0.939587
108.0252 43.79226 -43.79226 0.662451 17.6289 0.946652
108.9984 43.64810 -43.64810 0.666030 17.4986 0.953700
109.9716 43.50184 -43.50184 0.669581 17.3705 0.960732
110.9448 43.35352 -43.35352 0.673102 17.2446 0.967747
111.9180 43.20320 -43.20320 0.676595 17.1208 0.974746
112.8912 43.05093 -43.05093 0.680060 16.9990 0.981727
113.8644 42.89675 -42.89675 0.683497 16.8793 0.988691
114.8376 42.74070 -42.74070 0.686907 16.7615 0.995638
115.8108 42.58283 -42.58283 0.690290 16.6457 1.002567
116.7840 42.42318 -42.42318 0.693646 16.5317 1.009477
117.7572 42.26179 -42.26179 0.696977 16.4196 1.016370
118.7304 42.09869 -42.09869 0.700282 16.3093 1.023244
119.7036 41.93393 -41.93393 0.703561 16.2007 1.030100
120.6768 41.76754 -41.76754 0.706815 16.0939 1.036937
121.6500 41.59956 -41.59956 0.710044 15.9888 1.043755
122.6232 41.43002 -41.43002 0.713249 15.8853 1.050553
123.5964 41.25894 -41.25894 0.716430 15.7835 1.057332
124.5696 41.08637 -41.08637 0.719587 15.6832 1.064092
125.5428 40.91234 -40.91234 0.722720 15.5845 1.070832
126.5160 40.73686 -40.73686 0.725831 15.4873 1.077552
127.4892 40.55997 -40.55997 0.728918 15.3916 1.084251
128.4624 40.38170 -40.38170 0.731983 15.2974 1.090930
129.4356 40.20208 -40.20208 0.735025 15.2046 1.097589
130.4088 40.02112 -40.02112 0.738045 15.1132 1.104227
131.3820 39.83886 -39.83886 0.741044 15.0232 1.110844
132.3552 39.65531 -39.65531 0.744020 14.9345 1.117440
133.3284 39.47050 -39.47050 0.746976 14.8471 1.124015
134.3016 39.28446 -39.28446 0.749910 14.7611 1.130568
135.2748 39.09719 -39.09719 0.752824 14.6763 1.137099
136.2480 38.90873 -38.90873 0.755717 14.5927 1.143609
137.2212 38.71910 -38.71910 0.758590 14.5104 1.150096
138.1944 38.52830 -38.52830 0.761442 14.4293 1.156562
139.1676 38.33637 -38.33637 0.764275 14.3494 1.163005
140.1408 38.14331 -38.14331 0.767088 14.2706 1.169425
141.1140 37.94915 -37.94915 0.769881 14.1929 1.175822
142.0872 37.75390 -37.75390 0.772656 14.1164 1.182197
143.0604 37.55758 -37.55758 0.775411 14.0410 1.188548
144.0336 37.36021 -37.36021 0.778148 13.9666 1.194876
145.0068 37.16179 -37.16179 0.780865 13.8933 1.201181
145.9800 36.96235 -36.96235 0.783565 13.8210 1.207462
146.9532 36.76190 -36.76190 0.786246 13.7498 1.213719
147.9264 36.56044 -36.56044 0.788909 13.6795 1.219951
148.8996 36.35801 -36.35801 0.791554 13.6103 1.226160
149.8728 36.15459 -36.15459 0.794181 13.5420 1.232343
150.8460 35.95022 -35.95022 0.796790 13.4746 1.238503
151.8192 35.74490 -35.74490 0.799383 13.4082 1.244637
152.7924 35.53864 -35.53864 0.801958 13.3427 1.250746
153.7656 35.33146 -35.33146 0.804515 13.2782 1.256829
154.7388 35.12336 -35.12336 0.807056 13.2145 1.262888
155.7120 34.91436 -34.91436 0.809580 13.1516 1.268920
156.6852 34.70447 -34.70447 0.812087 13.0897 1.274926
157.6584 34.49368 -34.49368 0.814578 13.0286 1.280906
158.6316 34.28203 -34.28203 0.817052 12.9683 1.286860
159.6048 34.06951 -34.06951 0.819510 12.9088 1.292787
160.5780 33.85613 -33.85613 0.821952 12.8502 1.298687
161.5512 33.64191 -33.64191 0.824378 12.7923 1.304560
162.5244 33.42684 -33.42684 0.826788 12.7353 1.310406
163.4976 33.21095 -33.21095 0.829181 12.6790 1.316224
164.4708 32.99423 -32.99423 0.831560 12.6235 1.322014
165.4440 32.77670 -32.77670 0.833922 12.5687 1.327776
166.4172 32.55836 -32.55836 0.836269 12.5146 1.333510
167.3904 32.33922 -32.33922 0.838600 12.4613 1.339215
168.3636 32.11929 -32.11929 0.840916 12.4087 1.344891
169.3368 31.89858 -31.89858 0.843217 12.3568 1.350538
170.3100 31.67708 -31.67708 0.845502 12.3056 1.356156
171.2832 31.45482 -31.45482 0.847772 12.2552 1.361745
172.2564 31.23179 -31.23179 0.850027 12.2053 1.367303
173.2296 31.00801 -31.00801 0.852267 12.1562 1.372831
174.2028 30.78347 -30.78347 0.854492 12.1077 1.378329
175.1760 30.55819 -30.55819 0.856702 12.0599 1.383796
176.1492 30.33217 -30.33217 0.858897 12.0127 1.389233
177.1224 30.10542 -30.10542 0.861077 11.9661 1.394638
178.0956 29.87794 -29.87794 0.863243 11.9202 1.400011
179.0688 29.64975 -29.64975 0.865393 11.8749 1.405353
180.0420 29.42084 -29.42084 0.867529 11.8302 1.410663
181.0152 29.19122 -29.19122 0.869650 11.7861 1.415940
181.9884 28.96090 -28.96090 0.871756 11.7426 1.421185
182.9616 28.72988 -28.72988 0.873848 11.6997 1.426396
183.9348 28.49817 -28.49817 0.875925 11.6574 1.431575
184.9080 28.26578 -28.26578 0.877987 11.6156 1.436720
185.8812 28.03271 -28.03271 0.880035 11.5744 1.441831
186.8544 27.79896 -27.79896 0.882068 11.5338 1.446908
187.8276 27.56455 -27.56455 0.884086 11.4938 1.451950
188.8008 27.32947 -27.32947 0.886090 11.4543 1.456958
189.7740 27.09374 -27.09374 0.888078 11.4153 1.461930
190.7472 26.85735 -26.85735 0.890053 11.3769 1.466867
191.7204 26.62032 -26.62032 0.892012 11.3390 1.471769
192.6936 26.38265 -26.38265 0.893956 11.3016 1.476634
193.6668 26.14435 -26.14435 0.895886 11.2648 1.481463
194.6400 25.90542 -25.90542 0.897801 11.2285 1.486256
195.6132 25.66586 -25.66586 0.899701 11.1927 1.491011
196.5864 25.42569 -25.42569 0.901587 11.1574 1.495729
197.5596 25.18490 -25.18490 0.903457 11.1226 1.500410
198.5328 24.94351 -24.94351 0.905312 11.0882 1.505052
199.5060 24.70152 -24.70152 0.907152 11.0544 1.509656
200.4792 24.45893 -24.45893 0.908978 11.0211 1.514222
201.4524 24.21575 -24.21575 0.910788 10.9882 1.518749
202.4256 23.97200 -23.97200 0.912582 10.9559 1.523236
203.3988 23.72766 -23.72766 0.914362 10.9240 1.527684
204.3720 23.48275 -23.48275 0.916126 10.8925 1.532092
205.3452 23.23728 -23.23728 0.917875 10.8616 1.536460
206.3184 22.99125 -22.99125 0.919608 10.8311 1.540787
207.2916 22.74466 -22.74466 0.921326 10.8010 1.545073
208.2648 22.49753 -22.49753 0.923028 10.7714 1.549318
209.2380 22.24985 -22.24985 0.924715 10.7423 1.553522
210.2112 22.00165 -22.00165 0.926385 10.7136 1.557683
211.1844 21.75291 -21.75291 0.928040 10.6853 1.561802
212.1576 21.50365 -21.50365 0.929679 10.6575 1.565879
213.1308 21.25388 -21.25388 0.931301 10.6301 1.569913
214.1040 21.00360 -21.00360 0.932908 10.6032 1.573904
215.0772 20.75282 -20.75282 0.934498 10.5767 1.577851
216.0504 20.50154 -20.50154 0.936072 10.5506 1.581755
217.0236 20.24977 -20.24977 0.937630 10.5249 1.585614
217.9968 19.99752 -19.99752 0.939170 10.4996 1.589429
218.9700 19.74480 -19.74480 0.940695 10.4748 1.593199
219.9432 19.49161 -19.49161 0.942202 10.4503 1.596924
220.9164 19.23796 -19.23796 0.943693 10.4263 1.600604
221.8896 18.98385 -18.98385 0.945166 10.4027 1.604238
222.8628 18.72930 -18.72930 0.946623 10.3795 1.607825
223.8360 18.47432 -18.47432 0.948062 10.3567 1.611367
224.8092 18.21890 -18.21890 0.949484 10.3342 1.614862
225.7824 17.96306 -17.96306 0.950889 10.3122 1.618310
226.7556 17.70681 -17.70681 0.952276 10.2906 1.621711
227.7288 17.45015 -17.45015 0.953645 10.2694 1.625064
228.7020 17.19309 -17.19309 0.954996 10.2485 1.628370
229.6752 16.93563 -16.93563 0.956330 10.2281 1.631627
230.6484 16.67780 -16.67780 0.957645 10.2080 1.634836
231.6216 16.41960 -16.41960 0.958943 10.1883 1.637997
232.5948 16.16102 -16.16102 0.960222 10.1690 1.641108
233.5680 15.90209 -15.90209 0.961483 10.1500 1.644171
234.5412 15.64282 -15.64282 0.962725 10.1315 1.647184
235.5144 15.38320 -15.38320 0.963949 10.1133 1.650147
236.4876 15.12326 -15.12326 0.965154 10.0954 1.653061
237.4608 14.86300 -14.86300 0.966340 10.0780 1.655924
238.4340 14.60242 -14.60242 0.967507 10.0609 1.658737
239.4072 14.34155 -14.34155 0.968655 10.0442 1.661499
240.3804 14.08038 -14.08038 0.969783 10.0278 1.664210
241.3536 13.81894 -13.81894 0.970893 10.0118 1.666870
242.3268 13.55722 -13.55722 0.971983 9.9962 1.669479
243.3000 13.29525 -13.29525 0.973053 9.9809 1.672036
244.2732 13.03302 -13.03302 0.974104 9.9659 1.674541
245.2464 12.77056 -12.77056 0.975134 9.9514 1.676995
246.2196 12.50787 -12.50787 0.976145 9.9371 1.679396
247.1928 12.24497 -12.24497 0.977136 9.9233 1.681745
248.1660 11.98187 -11.98187 0.978107 9.9097 1.684041
249.1392 11.71857 -11.71857 0.979058 9.8965 1.686285
250.1124 11.45510 -11.45510 0.979988 9.8837 1.688475
251.0856 11.19147 -11.19147 0.980898 9.8712 1.690613
252.0588 10.92769 -10.92769 0.981787 9.8590 1.692697
253.0320 10.66378 -10.66378 0.982656 9.8472 1.694728
254.0052 10.39974 -10.39974 0.983504 9.8358 1.696706
254.9784 10.13560 -10.13560 0.984331 9.8246 1.698630
255.9516 9.87138 -9.87138 0.985138 9.8138 1.700500
256.9248 9.60708 -9.60708 0.985923 9.8033 1.702316
257.8980 9.34274 -9.34274 0.986687 9.7932 1.704078
258.8712 9.07836 -9.07836 0.987430 9.7834 1.705786
259.8444 8.81398 -8.81398 0.988152 9.7739 1.707439
260.8176 8.54961 -8.54961 0.988852 9.7648 1.709039
261.7908 8.28527 -8.28527 0.989532 9.7560 1.710583
262.7640 8.02101 -8.02101 0.990189 9.7475 1.712074
263.7372 7.75683 -7.75683 0.990825 9.7393 1.713509
264.7104 7.49278 -7.49278 0.991440 9.7315 1.714891
265.6836 7.22889 -7.22889 0.992033 9.7239 1.716217
266.6568 6.96520 -6.96520 0.992604 9.7167 1.717489
267.6300 6.70176 -6.70176 0.993154 9.7099 1.718706
268.6032 6.43861 -6.43861 0.993682 9.7033 1.719868
269.5764 6.17581 -6.17581 0.994188 9.6971 1.720975
270.5496 5.91342 -5.91342 0.994672 9.6911 1.722027
271.5228 5.65152 -5.65152 0.995134 9.6855 1.723025
272.4960 5.39020 -5.39020 0.995574 9.6802 1.723967
273.4692 5.12956 -5.12956 0.995992 9.6752 1.724855
274.4424 4.86972 -4.86972 0.996389 9.6706 1.725688
275.4156 4.61084 -4.61084 0.996763 9.6662 1.726466
276.3888 4.35309 -4.35309 0.997115 9.6622 1.727189
277.3620 4.09669 -4.09669 0.997446 9.6584 1.727857
278.3352 3.84194 -3.84194 0.997754 9.6550 1.728471
279.3084 3.58918 -3.58918 0.998040 9.6519 1.729030
280.2816 3.33886 -3.33886 0.998304 9.6491 1.729535
281.2548 3.09159 -3.09159 0.998547 9.6465 1.729985
282.2280 2.84815 -2.84815 0.998767 9.6443 1.730380
283.2012 2.60961 -2.60961 0.998965 9.6424 1.730721
284.1744 2.37744 -2.37744 0.999141 9.6408 1.731008
285.1476 2.15366 -2.15366 0.999296 9.6396 1.731241
286.1208 1.94118 -1.94118 0.999428 9.6386 1.731419
287.0940 1.74409 -1.74409 0.999538 9.6379 1.731544
288.0672 1.56817 -1.56817 0.999627 9.6375 1.731615
289.0404 1.42124 -1.42124 0.999694 9.6374 1.731632
290.0136 1.31301 -1.31301 0.999739 9.6376 1.731595
290.9868 1.25347 -1.25347 0.999762 9.6381 1.731505
291.9600 1.24953 1.24953 0.999763 9.6389 1.731362
292.9332 1.30160 1.30160 0.999743 9.6400 1.731165
293.9064 1.40339 1.40339 0.999702 9.6414 1.730916
294.8796 1.54501 1.54501 0.999639 9.6430 1.730613
295.8528 1.71656 1.71656 0.999554 9.6450 1.730258
296.8260 1.90992 1.90992 0.999448 9.6473 1.729851
297.7992 2.11906 2.11906 0.999321 9.6499 1.729391
298.7724 2.33967 2.33967 0.999173 9.6527 1.728879
299.7456 2.56875 2.56875 0.999003 9.6559 1.728315
300.7188 2.80415 2.80415 0.998813 9.6593 1.727700
301.6920 3.04435 3.04435 0.998601 9.6630 1.727033
302.6652 3.28824 3.28824 0.998369 9.6671 1.726314
303.6384 3.53500 3.53500 0.998116 9.6714 1.725545
304.6116 3.78402 3.78402 0.997842 9.6760 1.724725
305.5848 4.03483 4.03483 0.997548 9.6809 1.723854
306.5580 4.28705 4.28705 0.997233 9.6860 1.722933
307.5312 4.54041 4.54041 0.996898 9.6915 1.721961
308.5044 4.79468 4.79468 0.996543 9.6972 1.720940
309.4776 5.04968 5.04968 0.996167 9.7033 1.719869
310.4508 5.30524 5.30524 0.995772 9.7096 1.718748
311.4240 5.56126 5.56126 0.995356 9.7162 1.717579
312.3972 5.81762 5.81762 0.994921 9.7231 1.716360
313.3704 6.07424 6.07424 0.994466 9.7303 1.715093
314.3436 6.33104 6.33104 0.993992 9.7378 1.713777
315.3168 6.58797 6.58797 0.993498 9.7455 1.712413
316.2900 6.84496 6.84496 0.992985 9.7536 1.711002
317.2632 7.10198 7.10198 0.992452 9.7619 1.709542
318.2364 7.35897 7.35897 0.991901 9.7705 1.708036
319.2096 7.61591 7.61591 0.991331 9.7794 1.706482
320.1828 7.87276 7.87276 0.990742 9.7886 1.704882
321.1560 8.12949 8.12949 0.990134 9.7981 1.703235
322.1292 8.38607 8.38607 0.989508 9.8078 1.701541
323.1024 8.64249 8.64249 0.988863 9.8178 1.699802
324.0756 8.89871 8.89871 0.988200 9.8282 1.698017
325.0488 9.15473 9.15473 0.987519 9.8388 1.696187
326.0220 9.41053 9.41053 0.986820 9.8497 1.694312
326.9952 9.66608 9.66608 0.986103 9.8608 1.692392
327.9684 9.92138 9.92138 0.985368 9.8723 1.690427
328.9416 10.17640 10.17640 0.984616 9.8840 1.688418
329.9148 10.43115 10.43115 0.983846 9.8961 1.686366
330.8880 10.68560 10.68560 0.983059 9.9084 1.684269
331.8612 10.93974 10.93974 0.982254 9.9210 1.682129
332.8344 11.19357 11.19357 0.981433 9.9339 1.679946
333.8076 11.44708 11.44708 0.980595 9.9471 1.677721
334.7808 11.70025 11.70025 0.979739 9.9605 1.675453
335.7540 11.95307 11.95307 0.978868 9.9743 1.673142
336.7272 12.20555 12.20555 0.977979 9.9883 1.670790
337.7004 12.45767 12.45767 0.977074 10.0026 1.668396
338.6736 12.70943 12.70943 0.976153 10.0173 1.665961
339.6468 12.96081 12.96081 0.975215 10.0322 1.663485
340.6200 13.21181 13.21181 0.974262 10.0474 1.660968
341.5932 13.46243 13.46243 0.973292 10.0629 1.658410
342.5664 13.71266 13.71266 0.972307 10.0787 1.655813
343.5396 13.96249 13.96249 0.971306 10.0947 1.653175
344.5128 14.21193 14.21193 0.970289 10.1111 1.650498
345.4860 14.46095 14.46095 0.969257 10.1278 1.647781
346.4592 14.70957 14.70957 0.968210 10.1448 1.645025
347.4324 14.95776 14.95776 0.967147 10.1620 1.642231
348.4056 15.20554 15.20554 0.966069 10.1796 1.639397
349.3788 15.45290 15.45290 0.964975 10.1974 1.636526
350.3520 15.69982 15.69982 0.963867 10.2156 1.633617
351.3252 15.94631 15.94631 0.962744 10.2341 1.630669
352.2984 16.19237 16.19237 0.961606 10.2528 1.627685
353.2716 16.43799 16.43799 0.960454 10.2719 1.624663
354.2448 16.68316 16.68316 0.959287 10.2913 1.621604
355.2180 16.92788 16.92788 0.958105 10.3110 1.618508
356.1912 17.17216 17.17216 0.956909 10.3310 1.615376
357.1644 17.41598 17.41598 0.955698 10.3513 1.612208
358.1376 17.65935 17.65935 0.954473 10.3719 1.609004
359.1108 17.90225 17.90225 0.953234 10.3928 1.605764
360.0840 18.14469 18.14469 0.951981 10.4140 1.602488
361.0572 18.38667 18.38667 0.950713 10.4356 1.599177
362.0304 18.62818 18.62818 0.949432 10.4575 1.595832
363.0036 18.86922 18.86922 0.948137 10.4797 1.592451
363.9768 19.10979 19.10979 0.946827 10.5022 1.589036
364.9500 19.34988 19.34988 0.945504 10.5251 1.585586
365.9232 19.58949 19.58949 0.944167 10.5482 1.582103
366.8964 19.82862 19.82862 0.942816 10.5717 1.578585
367.8696 20.06727 20.06727 0.941451 10.5956 1.575034
368.8428 20.30544 20.30544 0.940073 10.6197 1.571449
369.8160 20.54311 20.54311 0.938681 10.6443 1.567831
370.7892 20.78030 20.78030 0.937275 10.6691 1.564179
371.7624 21.01699 21.01699 0.935856 10.6943 1.560495
372.7356 21.25319 21.25319 0.934423 10.7198 1.556778
373.7088 21.48890 21.48890 0.932976 10.7457 1.553029
374.6820 21.72410 21.72410 0.931516 10.7719 1.549247
375.6552 21.95881 21.95881 0.930042 10.7985 1.545433
376.6284 22.19301 22.19301 0.928555 10.8255 1.541587
377.6016 22.42670 22.42670 0.927054 10.8528 1.537710
378.5748 22.65989 22.65989 0.925540 10.8804 1.533800
379.5480 22.89257 22.89257 0.924011 10.9084 1.529860
380.5212 23.12474 23.12474 0.922470 10.9368 1.525888
381.4944 23.35639 23.35639 0.920915 10.9656 1.521884
382.4676 23.58753 23.58753 0.919346 10.9948 1.517850
383.4408 23.81815 23.81815 0.917763 11.0243 1.513785
384.4140 24.04825 24.04825 0.916167 11.0542 1.509689
385.3872 24.27782 24.27782 0.914557 11.0845 1.505563
386.3604 24.50687 24.50687 0.912933 11.1152 1.501406
387.3336 24.73539 24.73539 0.911296 11.1463 1.497219
388.3068 24.96339 24.96339 0.909644 11.1777 1.493002
389.2800 25.19084 25.19084 0.907979 11.2096 1.488755
390.2532 25.41777 25.41777 0.906300 11.2419 1.484478
391.2264 25.64416 25.64416 0.904607 11.2746 1.480171
392.1996 25.87000 25.87000 0.902900 11.3078 1.475835
393.1728 26.09530 26.09530 0.901178 11.3413 1.471469
394.1460 26.32006 26.32006 0.899443 11.3753 1.467074
395.1192 26.54427 26.54427 0.897693 11.4097 1.462649
396.0924 26.76793 26.76793 0.895929 11.4445 1.458195
397.0656 26.99103 26.99103 0.894151 11.4798 1.453712
398.0388 27.21357 27.21357 0.892358 11.5156 1.449200
399.0120 27.43556 27.43556 0.890551 11.5518 1.444659
399.9852 27.65697 27.65697 0.888728 11.5884 1.440089
400.9584 27.87783 27.87783 0.886892 11.6256 1.435491
401.9316 28.09810 28.09810 0.885040 11.6632 1.430864
402.9048 28.31781 28.31781 0.883173 11.7012 1.426208
403.8780 28.53693 28.53693 0.881292 11.7398 1.421524
404.8512 28.75548 28.75548 0.879395 11.7788 1.416811
405.8244 28.97343 28.97343 0.877483 11.8184 1.412070
406.7976 29.19080 29.19080 0.875555 11.8584 1.407301
407.7708 29.40757 29.40757 0.873612 11.8990 1.402503
408.7440 29.62374 29.62374 0.871654 11.9401 1.397678
409.7172 29.83931 29.83931 0.869680 11.9817 1.392824
410.6904 30.05427 30.05427 0.867689 12.0238 1.387942
411.6636 30.26861 30.26861 0.865683 12.0665 1.383032
412.6368 30.48234 30.48234 0.863661 12.1098 1.378095
413.6100 30.69544 30.69544 0.861622 12.1535 1.373129
414.5832 30.90792 30.90792 0.859567 12.1979 1.368136
415.5564 31.11975 31.11975 0.857496 12.2428 1.363115
416.5296 31.33095 31.33095 0.855407 12.2883 1.358066
417.5028 31.54150 31.54150 0.853302 12.3345 1.352989
418.4760 31.75140 31.75140 0.851180 12.3812 1.347885
419.4492 31.96064 31.96064 0.849040 12.4285 1.342753
420.4224 32.16921 32.16921 0.846883 12.4764 1.337593
421.3956 32.37711 32.37711 0.844709 12.5250 1.332406
422.3688 32.58433 32.58433 0.842517 12.5742 1.327191
423.3420 32.79086 32.79086 0.840307 12.6241 1.321949
424.3152 32.99670 32.99670 0.838079 12.6746 1.316679
425.2884 33.20183 33.20183 0.835833 12.7258 1.311382
426.2616 33.40625 33.40625 0.833569 12.7777 1.306057
427.2348 33.60996 33.60996 0.831286 12.8303 1.300705
428.2080 33.81293 33.81293 0.828984 12.8835 1.295326
429.1812 34.01517 34.01517 0.826663 12.9375 1.289919
430.1544 34.21666 34.21666 0.824323 12.9923 1.284484
431.1276 34.41739 34.41739 0.821964 13.0478 1.279023
432.1008 34.61736 34.61736 0.819585 13.1040 1.273534
433.0740 34.81655 34.81655 0.817186 13.1610 1.268017
434.0472 35.01495 35.01495 0.814768 13.2188 1.262474
435.0204 35.21256 35.21256 0.812329 13.2774 1.256903
435.9936 35.40935 35.40935 0.809870 13.3368 1.251305
436.9668 35.60532 35.60532 0.807390 13.3970 1.245679
437.9400 35.80046 35.80046 0.804889 13.4581 1.240026
438.9132 35.99475 35.99475 0.802368 13.5200 1.234346
439.8864 36.18818 36.18818 0.799825 13.5828 1.228639
440.8596 36.38074 36.38074 0.797261 13.6465 1.222905
441.8328 36.57241 36.57241 0.794675 13.7111 1.217143
442.8060 36.76317 36.76317 0.792067 13.7766 1.211354
443.7792 36.95302 36.95302 0.789436 13.8431 1.205538
444.7524 37.14194 37.14194 0.786784 13.9105 1.199695
445.7256 37.32990 37.32990 0.784108 13.9789 1.193824
446.6988 37.51690 37.51690 0.781410 14.0483 1.187927
447.6720 37.70292 37.70292 0.778689 14.1187 1.182002
448.6452 37.88794 37.88794 0.775944 14.1902 1.176050
449.6184 38.07193 38.07193 0.773175 14.2627 1.170071
450.5916 38.25489 38.25489 0.770383 14.3363 1.164065
451.5648 38.43679 38.43679 0.767566 14.4110 1.158032
452.5380 38.61762 38.61762 0.764725 14.4868 1.151972
453.5112 38.79734 38.79734 0.761859 14.5638 1.145885
454.4844 38.97594 38.97594 0.758969 14.6419 1.139771
455.4576 39.15340 39.15340 0.756052 14.7212 1.133630
456.4308 39.32969 39.32969 0.753111 14.8017 1.127462
457.4040 39.50479 39.50479 0.750143 14.8835 1.121267
458.3772 39.67867 39.67867 0.747149 14.9666 1.115045
459.3504 39.85132 39.85132 0.744129 15.0509 1.108797
460.3236 40.02269 40.02269 0.741082 15.1366 1.102522
461.2968 40.19276 40.19276 0.738009 15.2236 1.096220
462.2700 40.36152 40.36152 0.734907 15.3120 1.089891
463.2432 40.52891 40.52891 0.731778 15.4018 1.083536
464.2164 40.69493 40.69493 0.728622 15.4930 1.077155
465.1896 40.85952 40.85952 0.725436 15.5857 1.070747
466.1628 41.02267 41.02267 0.722223 15.6800 1.064313
467.1360 41.18434 41.18434 0.718980 15.7757 1.057852
468.1092 41.34449 41.34449 0.715708 15.8731 1.051365
469.0824 41.50308 41.50308 0.712406 15.9720 1.044852
470.0556 41.66008 41.66008 0.709075 16.0726 1.038313
471.0288 41.81545 41.81545 0.705713 16.1749 1.031748
472.0020 41.96916 41.96916 0.702320 16.2789 1.025157
472.9752 42.12115 42.12115 0.698897 16.3846 1.018541
473.9484 42.27138 42.27138 0.695442 16.4921 1.011899
474.9216 42.41982 42.41982 0.691955 16.6015 1.005231
475.8948 42.56642 42.56642 0.688436 16.7128 0.998538
476.8680 42.71112 42.71112 0.684884 16.8260 0.991820
477.8412 42.85388 42.85388 0.681299 16.9412 0.985077
478.8144 42.99465 42.99465 0.677681 17.0584 0.978309
479.7876 43.13337 43.13337 0.674029 17.1777 0.971516
480.7608 43.27000 43.27000 0.670343 17.2991 0.964699
481.7340 43.40446 43.40446 0.666622 17.4226 0.957857
482.7072 43.53672 43.53672 0.662866 17.5484 0.950991
483.6804 43.66670 43.66670 0.659074 17.6765 0.944101
484.6536 43.79434 43.79434 0.655247 17.8069 0.937187
485.6268 43.91958 43.91958 0.651382 17.9397 0.930250
486.6000 44.04234 44.04234 0.647481 18.0749 0.923290
487.5732 44.16257 44.16257 0.643541 18.2127 0.916306
488.5464 44.28019 44.28019 0.639564 18.3530 0.909299
489.5196 44.39512 44.39512 0.635548 18.4960 0.902270
490.4928 44.50728 44.50728 0.631493 18.6417 0.895219
491.4660 44.61660 44.61660 0.627398 18.7901 0.888146
492.4392 44.72299 44.72299 0.623263 18.9415 0.881051
493.4124 44.82637 44.82637 0.619086 19.0957 0.873934
494.3856 44.92664 44.92664 0.614868 19.2529 0.866797
495.3588 45.02371 45.02371 0.610608 19.4133 0.859639
496.3320 45.11749 45.11749 0.606305 19.5767 0.852460
497.3052 45.20787 45.20787 0.601959 19.7435 0.845262
498.2784 45.29475 45.29475 0.597568 19.9135 0.838044
499.2516 45.37803 45.37803 0.593132 20.0870 0.830807
500.2248 45.45759 45.45759 0.588651 20.2639 0.823551
501.1980 45.53331 45.53331 0.584123 20.4445 0.816277
502.1712 45.60508 45.60508 0.579548 20.6288 0.808985
503.1444 45.67277 45.67277 0.574925 20.8169 0.801675
504.1176 45.73624 45.73624 0.570253 21.0089 0.794349
505.0908 45.79537 45.79537 0.565532 21.2049 0.787006
506.0640 45.85001 45.85001 0.560760 21.4050 0.779648
507.0372 45.90002 45.90002 0.555936 21.6094 0.772275
508.0104 45.94524 45.94524 0.551060 21.8181 0.764887
508.9836 45.98552 45.98552 0.546131 22.0313 0.757484
509.9568 46.02069 46.02069 0.541147 22.2491 0.750069
510.9300 46.05059 46.05059 0.536107 22.4717 0.742641
511.9032 46.07502 46.07502 0.531012 22.6991 0.735201
512.8764 46.09382 46.09382 0.525858 22.9315 0.727749
513.8496 46.10678 46.10678 0.520646 23.1691 0.720287
514.8228 46.11371 46.11371 0.515374 23.4119 0.712815
515.7960 46.11439 46.11439 0.510041 23.6602 0.705334
516.7692 46.10862 46.10862 0.504646 23.9142 0.697845
517.7424 46.09616 46.09616 0.499187 24.1738 0.690349
518.7156 46.07677 46.07677 0.493664 24.4394 0.682847
519.6888 46.05022 46.05022 0.488074 24.7111 0.675339
520.6620 46.01624 46.01624 0.482416 24.9891 0.667826
521.6352 45.97458 45.97458 0.476690 25.2735 0.660311
522.6084 45.92494 45.92494 0.470893 25.5646 0.652793
523.5816 45.86705 45.86705 0.465024 25.8625 0.645274
524.5548 45.80059 45.80059 0.459081 26.1674 0.637755
525.5280 45.72526 45.72526 0.453063 26.4796 0.630237
526.5012 45.64072 45.64072 0.446969 26.7991 0.622721
527.4744 45.54664 45.54664 0.440796 27.1263 0.615209
528.4476 45.44265 45.44265 0.434544 27.4614 0.607703
529.4208 45.32838 45.32838 0.428209 27.8046 0.600203
530.3940 45.20344 45.20344 0.421792 28.1560 0.592711
531.3672 45.06743 45.06743 0.415289 28.5160 0.585229
532.3404 44.91992 44.91992 0.408699 28.8847 0.577759
533.3136 44.76047 44.76047 0.402021 29.2624 0.570301
534.2868 44.58862 44.58862 0.395252 29.6494 0.562858
535.2600 44.40389 44.40389 0.388391 30.0458 0.555432
536.2332 44.20578 44.20578 0.381437 30.4519 0.548024
537.2064 43.99376 43.99376 0.374387 30.8680 0.540638
538.1796 43.76729 43.76729 0.367239 31.2942 0.533274
539.1528 43.52581 43.52581 0.359993 31.7309 0.525935
540.1260 43.26873 43.26873 0.352647 32.1782 0.518624
541.0992 42.99542 42.99542 0.345198 32.6364 0.511343
542.0724 42.70526 42.70526 0.337647 33.1057 0.504094
543.0456 42.39757 42.39757 0.329991 33.5863 0.496881
544.0188 42.07167 42.07167 0.322231 34.0784 0.489705
544.9920 41.72684 41.72684 0.314364 34.5822 0.482571
545.9652 41.36234 41.36234 0.306390 35.0979 0.475481
546.9384 40.97740 40.97740 0.298310 35.6255 0.468439
547.9116 40.57122 40.57122 0.290123 36.1653 0.461448
548.8848 40.14300 40.14300 0.281830 36.7172 0.454511
549.8580 39.69187 39.69187 0.273431 37.2814 0.447633
550.8312 39.21697 39.21697 0.264928 37.8579 0.440817
551.8044 38.71741 38.71741 0.256323 38.4465 0.434068
552.7776 38.19228 38.19228 0.247618 39.0472 0.427390
553.7508 37.64064 37.64064 0.238817 39.6599 0.420787
554.7240 37.06155 37.06155 0.229924 40.2843 0.414265
555.6972 36.45405 36.45405 0.220944 40.9200 0.407829
556.6704 35.81718 35.81718 0.211884 41.5668 0.401484
557.6436 35.14995 35.14995 0.202749 42.2240 0.395235
558.6168 34.45142 34.45142 0.193550 42.8910 0.389088
559.5900 33.72062 33.72062 0.184296 43.5671 0.383050
560.5632 32.95662 32.95662 0.174998 44.2514 0.377126
561.5364 32.15851 32.15851 0.165670 44.9429 0.371324
562.5096 31.32543 31.32543 0.156326 45.6403 0.365650
563.4828 30.45656 30.45656 0.146983 46.3423 0.360111
564.4560 29.55116 29.55116 0.137661 47.0473 0.354715
565.4292 28.60855 28.60855 0.128379 47.7535 0.349470
566.4024 27.62817 27.62817 0.119162 48.4589 0.344382
567.3756 26.60955 26.60955 0.110036 49.1614 0.339461
568.3488 25.55238 25.55238 0.101027 49.8586 0.334714
569.3220 24.45647 24.45647 0.092166 50.5478 0.330151
570.2952 23.32184 23.32184 0.083486 51.2262 0.325779
571.2684 22.14869 22.14869 0.075022 51.8907 0.321607
572.2416 20.93742 20.93742 0.066809 52.5381 0.317644
573.2148 19.68870 19.68870 0.058887 53.1650 0.313898
574.1880 18.40343 18.40343 0.051295 53.7678 0.310379
575.1612 17.08280 17.08280 0.044075 54.3429 0.307094
576.1344 15.72829 15.72829 0.037268 54.8866 0.304052
577.1076 14.34168 14.34168 0.030915 55.3951 0.301261
578.0808 12.92512 12.92512 0.025057 55.8648 0.298728
579.0540 11.48107 11.48107 0.019734 56.2920 0.296461
580.0272 10.01243 10.01243 0.014984 56.6734 0.294466
581.0004 8.52257 8.52257 0.010841 57.0059 0.292748
581.9736 7.01559 7.01559 0.007338 57.2865 0.291314
582.9468 5.49698 5.49698 0.004501 57.5128 0.290168
583.9200 3.97575 3.97575 0.002353 57.6828 0.289313
